30 0 1000 density: 0.0198858551912025
76 0 1000 density: 0.006690977217222576
124 0 1000 density: 0.0040083052083917875
6 0 100 density: 0.2074688796680498
14 0 100 density: 0.06666666666666667
190 0 1000 density: 0.0028582044759482093
21 0 100 density: 0.03996802557953637
28 0 100 density: 0.029180040852057193
315 0 1000 density: 0.002223531635296341
45 0 100 density: 0.022416498542927595
3 0 20 density: 0.8695652173913043
5 0 20 density: 0.31746031746031744
6 0 20 density: 0.21052631578947367
9 0 20 density: 0.15384615384615385
11 0 20 density: 0.12195121951219512
11 0 250 density: 0.08267195767195767
24 0 250 density: 0.026861502095197165
39 0 250 density: 0.01591849729385546
59 0 250 density: 0.011494252873563218
97 0 250 density: 0.008913927119731869
3 0 7 density: 0.5833333333333334
2 0 4 density: 1.3333333333333333
18 0 500 density: 0.03979307600477517
43 0 500 density: 0.013323385205713068
70 0 500 density: 0.00800666154240328
106 0 500 density: 0.005722788142382969
169 0 500 density: 0.004455374964357
4 0 50 density: 0.37593984962406013
8 0 50 density: 0.14285714285714285
11 0 50 density: 0.08445945945945946
17 0 50 density: 0.057803468208092484
23 0 50 density: 0.04533091568449683
5 0 70 density: 0.3125
12 0 70 density: 0.0970873786407767
15 0 70 density: 0.05668016194331984
20 0 70 density: 0.041716328963051254
32 0 70 density: 0.03243744207599629
